10051653
10064581
10075662
10094049
10196197
10198631
10202051
10206961
10206962
10212252
10230800
10234050
10318773
10348744
10358057
10360578
10360579
10373438
10373560
10398681
10404183
10406807
10409726
10437794
10438536
10444103
10455177
10463949
10465784
10481910
10512884
10521526
10524631
10562279
10567532
10581243
10601321
1715582
2159011
2467766
2790960
2848815
3597357
7477295
7527023
7536190
7538907
7538908
7569905
7590250
7630397
7657591
7673186
7680771
7758105
7935368
8052625
8069916
8246997
8325373
8576172
8626664
8627180
8634242
8670882
8670890
8681376
8756624
8765008
8805587
8858162
8861961
8875929
8895581
8910514
8943045
9001210
9012831
9024666
9027312
9027313
9045636
9047334
9106657
9111035
9121462
9150135
9153189
9162022
9162036
9177220
9194564
9194565
9215629
9235896
9261161
9267026
9278513
9280292
9312003
9338791
9341158
9342315
9343432
9388232
9405363
9405671
9418861
9418902
9462508
9463381
9469814
9482750
9501083
9502797
9539129
9571151
9584153
9590696
9604928
9635433
9649430
9651369
9658397
9692890
9702189
9733768
9743501
9751060
9753447
9774689
9786987
9804419
9812899
9830048
9845368
9846874
9848648
9858607
9869635
9874765
9874787
9880500
9883737
9914379
9922454
10212242
10381623
10393239
10446181
10451365
10518217
10523676
10523841
10564661
10567391
10572067
10597290
2119582
2722838
2839507
7851759
8062390
8144501
8174709
8524217
8524874
8621497
8641281
8665859
8668180
8688561
8706131
8756677
9109646
9162007
9175835
9271389
9294197
9312054
9428767
9484778
9492303
9499404
9751710
9799240
9819391
9918801
9973195
1000867
10022833
10022874
10023675
10023771
10025402
10026153
10026210
10027300
10037602
10048790
10049915
10064583
10064593
10067897
10069368
10074103
10074458
10075695
10075696
10080919
10082529
10082674
10087263
10088721
10089303
10089404
10089450
10090723
10092233
10092459
10092585
10092595
10094392
10100610
10102271
10102273
10187815
10187848
10196135
10196137
10198040
10205180
10207085
10209756
10212228
10212229
10219247
10220405
10221915
10222201
10224040
10225955
10226625
10228152
10228153
10228159
10228168
10233762
10233951
10234023
10235259
10318831
10318918
10323858
10329134
10329646
10329691
10329707
10330179
10330411
10332026
10336464
10336476
10336672
10339567
10341223
10343108
10346909
10348856
10352183
10353244
10353245
10354419
10359609
10359772
10360181
10364157
10364159
10364196
10365963
10366599
10366608
10368275
10369685
10369867
10369872
10373452
10373504
10373534
10373536
10373562
10374970
10376524
10376594
10378275
10383417
10383418
10383454
10385526
10388568
10388809
10390359
10391250
10391251
10391924
10393292
10393295
10393905
10393912
10399914
10400593
10400625
10400669
10400677
10400690
10404223
10409742
10411906
10414980
10419510
10419536
10419942
10426958
10426999
10428862
10428961
10429675
10430869
10433268
10435614
10436013
10441394
10446050
10446149
10446169
10449404
10449718
10449734
10455105
10458166
10465793
10467092
10467411
10468606
10477718
10477752
10479680
10486249
10486928
10487753
10487758
10487761
10488080
10488109
10488147
10488153
10490105
10490850
10497212
10497213
10498628
10498661
10498867
10499589
10500101
10504266
10508408
10508777
10508919
10510297
10514494
10514505
10514511
10515947
10518219
10518533
10518542
10521409
10521466
10523662
10523825
10523853
10524633
10524768
10527928
10527948
10529171
10531035
10531379
10531381
10542097
10542258
10544080
10544104
10544233
10545507
10548487
10551855
10556305
10556826
10557078
10557092
10557209
10559330
10562277
10562288
10564265
10567268
10567518
10567578
10571240
10574993
10579814
10588641
10588692
10590261
10591216
10593900
10593949
10593986
10597240
10597287
10600108
10601010
10601211
10601333
10601346
10604478
10607564
10608854
10608892
10611296
10611475
10612399
10618715
10619026
10635326
10637512
1310351
1310896
1318195
1321290
1379745
1409652
1448153
1512238
1522589
1522902
1558161
1565647
1583684
1584773
1585175
1631061
1713710
1749770
1793542
1870127
1891457
1992167
2040602
2040612
2108322
2157286
2211726
2347312
2395459
2466831
2494344
2537532
2556261
2647727
2689655
2713105
2788034
2833817
2914611
3001670
3097327
3301348
3477645
3640709
7228577
7236608
7477378
7477400
7478510
7478594
7479742
7479821
7479864
7481822
7490744
7492558
7499422
7516469
7517397
7523684
7527043
7528577
7530216
7532203
7532276
7533327
7536343
7540934
7541633
7542140
7545663
7545673
7551570
7552746
7565695
7565724
7566127
7568201
7571013
7588629
7588773
7592578
7592581
7592885
7606712
7623382
7624774
7628441
7629060
7629115
7642581
7644498
7644510
7651417
7657714
7664109
7666533
7671300
7673114
7673147
7673170
7673249
7675079
7690834
7696853
7703225
7706237
7721825
7722516
7730311
7730326
7730360
7738010
7739891
7744004
7744247
7746322
7752231
7759493
7768895
7781595
7781608
7782338
7783202
7784094
7788293
7791872
7798267
7809090
7809103
7809159
7815540
7828850
7859281
7859737
7862126
7864147
7870181
7876093
7877692
7881269
7889570
7890674
7893686
7897663
7908906
7912826
7913882
7922031
7925277
7935836
7969164
7972015
7984244
7994573
8016121
8027997
8034624
8035810
8036496
8052633
8066444
8068621
8087846
8107774
8132330
8137421
8146144
8164677
8170944
8194524
8207801
8218161
8221891
8224842
8242750
8246987
8253717
8253784
8253796
8253797
8288605
8290554
8290595
8302837
8332187
8332195
8349626
8361542
8370524
8381428
8384581
8386265
8388547
8389377
8413665
8413674
8422672
8423815
8438166
8445634
8478942
8479541
8483943
8516295
8521480
8524272
8524286
8524293
8524402
8524870
8528255
8530366
8530446
8535235
8537405
8549741
8551220
8551580
8551581
8552082
8552662
8553588
8557685
8565075
8568892
8570649
8571127
8590005
8598927
8601310
8601796
8605630
8607265
8612133
8612237
8612272
8616895
8617242
8617715
8617811
8621483
8621530
8621645
8621670
8621719
8624811
8624812
8625410
8626325
8626516
8626561
8627785
8631704
8631771
8631991
8634241
8639538
8641286
8642594
8643525
8648648
8649369
8662627
8662660
8662806
8662921
8662954
8662998
8663024
8663146
8663314
8663994
8665852
8666672
8668348
8670801
8670859
8676499
8683580
8692885
8692945
8700527
8702639
8702708
8702753
8702968
8703001
8747462
8752322
8755476
8756646
8756702
8764026
8786425
8794736
8797804
8797820
8798539
8798570
8798684
8805223
8806520
8810259
8814229
8816444
8816458
8824178
8844841
8847737
8871564
8875926
8878484
8900110
8900141
8917517
8917533
8922396
8929531
8940134
8943354
8944023
8946919
8948587
8955125
8962055
8980683
8985253
8994040
8994970
8995632
8999859
9001211
9001246
9003792
9006905
9008167
9010225
9016636
9020106
9029147
9030526
9032233
9032286
9034339
9042965
9045663
9045683
9045686
9045802
9054412
9060478
9062193
9065424
9065434
9065479
9079683
9079697
9079700
9092546
9092835
9096323
9097926
9099670
9102465
9108029
9108473
9108481
9110993
9111042
9111084
9114003
9114012
9115216
9115221
9121467
9122164
9130713
9133424
9144171
9147654
9148763
9148918
9148966
9150141
9153224
9153236
9154823
9155017
9159119
9169421
9169459
9169480
9171351
9171381
9177165
9182572
9188467
9188637
9190214
9192623
9194697
9195926
9202023
9204908
9207062
9207119
9207794
9214386
9215628
9219684
9221768
9223484
9234743
9238017
9242378
9242535
9242638
9242660
9244350
9257699
9261073
9261364
9267021
9278461
9278515
9284049
9285683
9287012
9295027
9299613
9300481
9303539
9305851
9305870
9305890
9305916
9311902
9312026
9312071
9312143
9315655
9315708
9323129
9326658
9334294
9334740
9335268
9335587
9335591
9341123
9343427
9346241
9346309
9346485
9349482
9353194
9356459
9356463
9362495
9368021
9368064
9372926
9372953
9372966
9374493
9374535
9380701
9384562
9388192
9388200
9390557
9393860
9395493
9398684
9403694
9405049
9405338
9405395
9405416
9407065
9407112
9407131
9412493
9413984
9413990
9417052
9417078
9417867
9418906
9420248
9422506
9422736
9425086
9430630
9434108
9437013
9440688
9442029
9442054
9442085
9445475
9447982
9450960
9452471
9454836
9459447
9461436
9461559
9463375
9466902
9466914
9466992
9467941
9468139
9468140
9468473
9468537
9469451
9472015
9482729
9482734
9482739
9482871
9482880
9488668
9488710
9488720
9490724
9491887
9491888
9492043
9495771
9497340
9499406
9506989
9507024
9512352
9512561
9516488
9521068
9525610
9525868
9529148
9529149
9529248
9530559
9531549
9535094
9535825
9539746
9541024
9545241
9545246
9546398
9548260
9551554
9553107
9555885
9556625
9559909
9560191
9560209
9560245
9565552
9565577
9565587
9565592
9565970
9566883
9566905
9575181
9580671
9581554
9581761
9582270
9582365
9584165
9584196
9593750
9596688
9600925
9613608
9620676
96251339
9628892
9630228
9632636
9632725
9632747
9632782
9637685
9637686
9642193
9642216
9642260
9649509
9651361
9651582
9653139
9655823
9657725
9659904
9659915
9659918
9660829
9660868
9660940
9660950
9668110
9670025
9671498
9671501
9677430
9680483
9681826
9683573
9687373
9689041
9690470
9694898
9695952
9698541
9698550
9700202
9701578
9705868
9705938
9707552
9707615
9707644
9712877
9716598
9723620
97236811
9724632
9724659
9725902
9726962
9727029
9727492
9729040
9733772
9735369
9738006
9741622
9741631
9742080
9742112
9748234
9751050
9751051
9751716
9753324
9753456
9755158
9756848
9757110
9760170
9765272
9765275
9768359
9768757
9768844
9770488
9774382
9774676
9774970
9788433
9788437
9792841
9794763
9799632
9808624
9808772
9809062
9811458
9811611
9812983
9813005
9819421
9819422
9819425
9819434
9820826
9822678
9826510
9827804
9829701
9829980
9832504
9837926
9837928
9837937
9843683
9843949
9843967
9843987
9847347
9856458
9856463
9857189
9857202
9858596
9867435
9867838
9874241
9878060
9878069
9880331
9880522
9881696
9882311
9891077
9892665
9892668
9915784
9915826
9915858
9920888
9920933
9926939
9926942
9926943
9950691
9971746
9973222
9973324
9989505
9990017
10620504
10629049
10637310
10653975
10662863
10675328
10675337
10676816
10684247
10704444
10713164
10725334
10725350
10747027
10783163
10801128
10802735
10805725
10809768
10823891
10836794
10837468
10846174
10854325
10871379
10880445
10880535
10894160
10920205
10921873
10924358
10929712
10935637
10944212
10956646
10995389
10995393
11024045
11030651
11032805
11034606
11035039
11036079
11038172
11069931
11084335
11087867
11089975
11090627
11114524
11124807
11134024
11134025
11157979
11197326
11207560
11226162
11248039
11250154
11259580
11283256
11287423
11297421
11309418
11313484
11319236
11328876
11335720
11342563
11356188
11359905
11369516
11374898
11404095
11418127
11425851
11427532
11439126
11442055
11454741
11461903
11463333
11463392
11493912
11502761
11509566
11518704
11522786
11544529
11553771
11571280
11585365
11585385
11591731
11595789
11598021
11602612
11606749
11606776
11691995
11706030
11717445
11718726
11741893
11742986
11743162
11743586
11751894
11751921
11752384
11780067
11781573
11788586
11801603
11818065
11828029
11842115
11846878
11854533
11882902
11884590
11889037
11889039
11891324
11896535
11909966
11919194
11931757
11940652
11955446
11955449
11956649
11972033
11980910
12006496
12006984
12021283
12021769
12021771
12023030
12023303
12048214
12062051
12069591
12084706
12093730
12117771
12147674
12150911
12150929
12169662
12172031
12181313
12185076
12198154
12200431
12215511
12217962
12242293
12244100
12351681
12364596
12368261
12379646
12381738
12386165
12391157
12395189
12395193
12397177
12419185
12445118
12446563
12446794
12446902
12459498
12464630
12496368
12504026
12505151
12526743
12529443
12535346
12565863
12566447
12576485
12589434
12606577
12607005
12615944
12620231
12620389
12624108
12634853
12670868
12672462
12681508
12682009
12684538
12697833
12702765
12702766
12721283
12721299
12721663
12738765
12743605
12750383
12756248
12761180
12769847
12791994
12795696
12819770
12824502
12837548
12837694
12839993
12887588
12887892
12887920
12894227
12897250
12907709
12923176
12925767
12927518
12953057
12965207
12966069
12970192
12970493
13679922
14500717
14504388
14528018
14532282
14555696
14559250
14565952
14586471
14594798
14594800
14596824
14597662
14603251
14609943
14623884
14627722
14645854
14647196
14653999
14654842
14657243
14675533
14681217
14688284
14699056
14707132
14723849
14726597
14730019
14730074
14730130
14732692
14733938
14741370
14749716
14764729
14980202
14983062
14993658
15003530
15009215
15019989
15020681
15023544
15024025
15024066
15033475
15034300
15037256
15037601
15045029
15051809
15057270
15064372
15064709
15067009
15073321
15084279
15084609
15094396
15102833
15110249
15115762
15118728
15130131
15131699
15133049
15133060
15133126
15144954
15150219
15161910
15161962
15178429
15182669
15188402
15194684
15197269
15199122
15205336
15208392
15229185
15229228
15231715
15256595
15263065
15269173
15273290
15277777
15280356
15289329
15299019
15304517
15308666
15317846
15324659
15325281
15326198
15328351
15337766
15340011
15343337
15353583
15355307
15355351
15361624
15371016
15383534
15447654
15448264
15451670
15474493
15479636
15480426
15486100
15486102
15504911
15509785
15522217
15525470
15528197
15533944
15537540
15537656
15542826
15545624
15546359
15546919
15548534
15558030
15572661
15574589
15589838
15598648
15601840
15602769
15603740
15604690
15616583
15618286
15618422
15620657
15620689
15627969
15629149
15630084
15641769
15644415
15647280
15651983
15652350
15652484
15653635
15654075
15655353
15657067
15659098
15660419
15663938
15665527
15670595
15680326
15680330
15682463
15694340
15694354
15696159
15705566
15705583
15709751
15711565
15714473
15716274
15735006
15737636
15743773
15743816
15744307
15749712
15749762
15749833
15764709
15766533
15767459
15772280
15775963
15775978
15784897
15792953
15805477
15821876
15821992
15824315
15829604
15851029
15883644
15887188
15889151
15901672
15910282
15950240
15951562
15953601
15965237
15985610
15985611
15989956
15992545
16004966
16037073
16080001
16085489
16097049
16099979
16099980
16115810
16120600
16127726
16147992
16151013
16169070
16179162
16186805
16189514
16203048
16212417
16223492
16225851
16227972
16230350
16236729
16243907
16263121
16267818
16272220
16273344
16284124
16294306
16303566
16316985
10620510
10637232
10649999
10664449
10675342
10734189
10751307
10770926
10786837
10801849
10859302
10893414
10924507
11043403
11058143
11060015
11172710
11248038
11278465
11283612
11294646
11316798
11726693
11739376
11931769
11940655
11980720
12034499
12040021
12097473
12138179
12183370
12192000
12202768
12213826
12393796
12403614
12441347
12480933
12571237
12600646
12620186
12697820
12716891
12773392
12859895
12889071
12900441
12900458
12915590
12972596
14507921
14645126
14660673
14660704
14663140
14669021
14673118
14688250
14690591
14711369
14729968
14766746
14769790
15024067
15044604
15147197
15148308
15165234
15173383
15192231
15196694
15229244
15247274
15308636
15367624
15388803
15452250
15485911
15488952
15509585
15537544
15537632
15576805
15617687
15632178
15632183
15690043
15767674
15802270
15848144
15866074
15870294
15879519
15883825
15941989
15967037
16000376
16088002
16098226
16139413
16157682
16192269
16204215
16222337
16249178
16254380
16256112
16263719
16267556
16271045
16278461
16294310
16362369
16365038
16367966
16369567
16376476
16396496
16396834
16412087
16412426
16413482
16415179
16424018
16428324
16428603
16432238
16439205
16439208
16439210
16439211
16446454
16449642
16455680
16468999
16469698
16469699
16469700
16469704
16469705
16470656
16502475
16512674
16512683
16530040
16530041
16530042
16530044
16534844
16564010
16564014
16615890
16630820
16630821
10542231
10591629
10615043
10617598
10617615
10618369
10619842
10620603
10623522
10625659
10627486
10629222
10629228
10629618
10631267
10633096
10633111
10634907
10637308
10639123
10639137
10642536
10644344
10644755
10648529
10648568
10648616
10648622
10649446
10651626
10652206
10652215
10654935
10655477
10655591
10655612
10655614
10660573
10662614
10662770
10662783
10664457
10668806
10669610
10671526
10671543
10671552
10673434
10681496
10681501
10681527
10681572
10684262
10684936
10688190
10692452
10692587
10698492
10698743
10698945
10702232
10702269
10702276
10702287
10704825
10706629
10706668
10706722
10708759
10712517
10713100
10713667
10716178
10716926
10724175
10725331
10725395
10725697
10733581
10733591
10734104
10737771
10742178
10742179
10744705
10744724
10744766
10746715
10747015
10747033
10747088
10747089
10747784
10747852
10747897
10747932
10748023
10748113
10748123
10748127
10748135
10748157
10748169
10749680
10749867
10751441
10753626
10753635
10753743
10753746
10753936
10753943
10755617
10760291
10761922
10764144
10764727
10764728
10764802
10766163
10766246
10766745
10767429
10772864
10775038
10775108
10777477
10777529
10777532
10777567
10777571
10779349
10779557
10779772
10781095
10783144
10783161
10783165
10786835
10787407
10788521
10788621
10792030
10799311
10799599
10801846
10805734
10805787
10809724
10809762
10811933
10815800
10821276
10821830
10823831
10823932
10824095
10825299
10827081
10828065
10828449
10835362
10835420
10837221
10837489
10840038
10840040
10844672
10846156
10846170
10848577
10848580
10848598
10849009
10849447
10849448
10850422
10854423
10856295
10859165
10859335
10862698
10862767
10864201
10864925
10869074
10869426
10869433
10871282
10871286
10871607
10871618
10873456
10878014
10878805
10880439
10880468
10880512
10880560
10882070
10882122
10882138
10882139
10884227
10887173
10887206
10890919
10891508
10892748
10893241
10896157
10898789
10898792
10899172
10900017
10900070
10900456
10903901
10903953
10906133
10906137
10906324
10910768
10910894
10911369
10913131
10913161
10913622
10918058
10924497
11536198
11546791
11546811
11546839
11546872
11550094
11551227
11551898
11551904
11551930
11551959
11553333
11553611
11553631
11553789
11555644
11557039
11557047
11557048
11559592
11560894
11562347
11562473
11562482
11563969
11564889
11566880
11567030
11571273
11571277
11571294
11571312
11571640
11573085
11573089
11574465
11574543
11574675
11576548
11577073
11577348
11581269
11581372
11583623
11583626
11583631
11584276
11584278
11585793
11585916
11586363
11588219
11590142
11590170
11591131
11591345
11591653
11591728
11594769
11595183
11597998
11598113
11604410
11606059
11606067
11606597
11641401
11668184
11673524
11679592
11679719
11682052
11682056
11684085
11685246
11689660
11689694
11694502
11694516
11700307
11700327
11701125
11707398
11707401
11707411
11707426
11708784
11709168
11711534
11711544
11713253
11713475
11713534
11714708
11714716
11716516
11716523
11717255
11717310
11723117
11723139
11724784
11724822
11726501
11726515
11726519
11726521
11726552
11729193
11729199
11729966
11737777
11738047
11739374
11739381
11739652
11739701
11739724
11740559
11741305
11741309
11741602
11741929
11741937
11741956
11741979
11741987
11742242
11742811
11742975
11743164
11743879
11744239
11744692
11744716
11744735
11746766
11748221
11748230
11748725
11751849
11751850
11751972
11752373
11753645
11754745
11777003
11777918
11777919
11778048
11781842
11782434
11786556
11788710
11792813
11795466
11798178
11798190
11801594
11802782
11803371
11804596
11805049
11805081
11805328
11807220
11809970
11809971
11812141
11821067
11821383
11821413
11821416
11821434
11823437
11823862
11823864
11823865
11826105
11828325
11842083
11844794
11845213
11846885
11847125
11847307
11847341
11854271
11854460
11854514
11864612
11867515
11867766
11870209
11872741
11877377
11878923
11882901
11884411
11886851
11894095
11894096
11901111
11907332
11909874
11912212
11914378
11916981
11917009
11919637
11923430
11923872
11925430
11927559
11931747
11934887
11934899
11940573
11943145
11943148
11943150
11943772
11943869
11944949
11948687
11950700
11950834
11950930
11953314
11956071
11959977
11959990
11959995
11961546
11964161
11967258
11967269
11970949
11971900
11976319
11976329
11976690
11980706
11980721
11983079
11985497
11986669
11988487
11988536
11988742
12004055
12004067
12004135
12006649
12007189
12009895
12011057
12011073
12011108
12011449
12011466
12019269
12021270
12021324
12023017
12024216
12029088
12029138
12034722
12034747
12036349
12037680
12040031
12042313
12042314
12048248
12049741
12050150
12050163
12054535
12055184
12057195
12058047
12062430
12065586
12067710
12067711
12067721
12074588
12075357
12076828
12080070
12083519
12087096
12089450
12093160
12093742
12093902
12096124
12097491
12101218
12115726
12118248
12118253
12119396
12121651
12122004
12123821
12123822
12128212
12133833
12134158
12135764
12138091
12138106
12140291
12142461
12144530
12145285
12147688
12147692
12149250
12150894
12151099
12153727
12154125
12160746
12163480
12163591
12167700
12167862
12169629
12176364
12176995
12177059
12181321
12181570
12183465
12183630
12186919
12191486
12196555
12196561
12198176
12198496
12200142
12202226
12202490
12207026
12207904
12208510
12208518
12208521
12210842
12220488
12220632
12220636
12221090
12223541
12225776
12226085
12228228
12230472
12234928
12235149
12235156
12237851
12239560
12242665
12244049
12244299
12296727
12323073
12351659
12354784
12354939
12359736
12359749
12361576
12368260
12368347
12368857
12374755
12377379
12377769
12383250
12391297
12393749
12397361
12397362
12401788
12402242
12407180
12408824
12408825
12408863
12409453
12411495
12411506
12421809
12426371
12426582
12427018
12427759
12429093
12429735
12429745
12433697
12435599
12437929
12437930
12438239
12444549
12445390
12446728
12446764
12456510
12456677
12459189
12459787
12463424
12466551
12468542
12468544
12470648
12470953
12473110
12475973
12477731
12482659
12485888
12488317
12490715
12501243
12504010
12511555
12511597
12514125
12515806
12518317
12520306
12525503
12526809
12527750
12527756
12529174
12529447
12534345
12535517
12536214
12545173
12551942
12551970
12552112
12554664
12558988
12559036
12559950
12562778
12565857
12567183
12573224
12574408
12577067
12581522
12582245
12584560
12586937
12588794
12588987
12589760
12589811
12589829
12590651
12591959
12594225
12595070
12595692
12598619
12604365
12604805
12606711
12607004
12611588
12615066
12615541
12615916
12618428
12618429
12620237
12620238
12620797
12620808
12628924
12629046
12629171
12629547
12634373
12634384
12637515
12640114
12642614
12644454
12645566
12646168
12649209
12649275
12650940
12650946
12651155
12652642
12657639
12657644
12659850
12660167
12663490
12665574
12665587
12667443
12667445
12667453
12668730
12673016
12679809
12681488
12681493
12692227
12692242
12695509
12702723
12716909
12718880
12721618
12727845
12727888
12729910
12730235
12730237
12730672
12732734
12732850
12734398
12745081
12746458
12750381
12755701
12757707
12764136
12771146
12771153
12771214
12773374
12776193
12777393
12782278
12782308
12783858
12787503
12788974
12789342
12791253
12792650
12796778
12799426
12802020
12804609
12804766
12805224
12805554
12808026
12808446
12813029
12813456
12816948
12819203
12819209
12821674
12821782
12826659
12829691
12832401
12834347
12837758
12842894
12845674
12847090
12847098
12855699
12855700
12857745
12857746
12859903
12860379
12869526
12871587
12871946
12875835
12876220
12879077
12881425
12881722
12882984
12883638
12885770
12888558
12891711
12897052
12897054
12898523
12900395
12900424
12901838
12902323
12907720
12909615
12911636
12912994
12913069
12923056
12925958
12927788
12935897
12941695
12943667
12944474
12948492
12951035
12954772
12960323
12963047
12963375
12963786
12970172
12970176
12970734
12972505
13679363
13679921
14506282
14512631
14515169
14516276
14517229
14517258
14517264
14517332
14521842
14531730
14532005
14536080
14550532
14559776
14559997
14563850
14576168
14576432
14579355
14595808
14600269
14603323
14623081
14638857
14657033
14659764
14663069
14665672
14667819
14675634
14684745
14685261
14697667
14704270
14704431
14704432
14705953
14707117
14722085
14729947
14729977
14733918
14737190
14741222
14742445
14747526
14756317
14761940
14766228
14960584
14963045
14966141
14966293
14966297
14970219
14973489
14978102
14985081
14985111
14993289
15004028
15013773
15013781
15013782
15014437
15016876
15020407
15028637
15031264
15031724
15044019
15047863
15048123
15048127
15051726
15070730
15073179
15096483
15096513
15100220
15103385
15105431
15109495
15121855
15129282
15135048
15146195
15159412
15169884
15173168
15173315
15175323
15225610
15225631
15225635
15225636
15225637
15225643
15225651
15232106
15242778
15251430
15251432
15251447
15251452
15251453
15251455
15254196
15280379
15304315
15304318
15304323
15304326
15304329
15304335
15304344
15304347
15304355
15314064
15322908
15324660
15327968
15327989
15343271
15356145
15367657
15369779
15377759
15380105
15383276
15385968
15459208
15469938
15473003
15474000
15474016
15474020
15474027
15474030
15474031
15474036
15475968
15491611
15494376
15498565
15498567
15507604
15513915
15527755
15527766
15527767
15527772
15527779
15527798
15527800
15533940
15536084
15536091
15538381
15543142
15554700
15555565
15556604
15556606
15556616
15556629
15556635
15556638
15556646
15556869
15557335
15557341
15564746
15566963
15580310
15581361
15581622
15581623
15581637
15589845
15596140
15596447
15598710
15601262
15611048
15611062
15611091
15620700
15620714
15620717
15631622
15637807
15642347
15642353
15642356
15642358
15642376
15659545
15670815
15670817
15670823
15670829
15670850
15677445
15680399
15688026
15695332
15699485
15703209
15708858
15710382
15710384
15710408
15710417
15710424
15733840
15733851
15733859
15733864
15733869
15733871
15743820
15757643
15757644
15757646
15757661
15757663
15757671
15761153
15767424
15774496
15777793
15782111
15784622
15792799
15792802
15793585
15795233
15796781
15798181
15798189
15802519
15811319
15811326
15811338
15811343
15811349
15824104
15824310
15831486
15834155
15834156
15848166
15848169
15848170
15848177
15848184
15848196
15851033
15862297
15862299
15862300
15862318
15876432
15878163
15886098
15890343
15893313
15896780
15896782
15907477
15919079
15919082
15922337
15924411
15927180
15936019
15944398
15949802
15963510
15967597
15975576
15975580
15978577
15978582
15978586
15978591
15983032
15987637
15987638
15987681
16000308
16000869
16004997
16024016
16034076
16044149
16051226
16051233
16051599
16055064
16055720
16061227
16061230
16061792
16081543
16083881
16087181
16087182
16098514
16098516
16098968
16098969
16103886
16111684
16112766
16115628
16135803
16137684
16137687
16140784
16150444
16166090
16166655
16182287
16182291
16198347
16198352
16199040
16204241
16212962
16213503
16217014
16219545
16221862
16223489
16223495
16225871
16226257
16227293
16239925
16239928
16242130
16243315
16245368
16246332
16263117
16263120
16273093
16288748
16289097
16310786
16311516
16325183
16337946
16343488
16343492
16356270
16359671
16359674
16364302
16364304
16364305
16364307
16364312
16364318
16364321
16375898
16376338
16376875
16376880
16376884
16405965
16405969
16406366
16412436
16427633
16430890
8702721
9062194
9242679
9499053
9625760
10926929
10930412
10930425
10930427
10931187
10931822
10931842
10932249
10932250
10933786
10934188
10934467
10938077
10938099
10938125
10940294
10940313
10944535
10944537
10945975
10945997
10947987
10948194
10949025
10950869
10953014
10960100
10961991
10962033
10964907
10966114
10966654
10967104
10967549
10969079
10970843
10970852
10970867
10975842
10976766
10978533
10980202
10980203
10980706
10982817
10982835
10982874
10982879
10984498
10986462
10988290
10993906
10995441
10995736
10998413
11000240
11001931
11003656
11007882
11013230
11018027
11018522
11021801
11022037
11022042
11024046
11024295
11027293
11032839
11035005
11035029
11036064
11036070
11036080
11042109
11042170
11042264
11046131
11046132
11046148
11051556
11053380
11053407
11053421
11053835
11054413
11055433
11056176
11057907
11060035
11062562
11063744
11067845
11070042
11070082
11071852
11071908
11071920
11073906
11073949
11073990
11073993
11076957
11076969
11077444
11078733
11080152
11085938
11085987
11086158
11086993
11087742
11087749
11087755
11087996
11089964
11090355
11092763
11092888
11095724
11096073
11096094
11096097
11096113
11099048
11099500
11101516
11102446
11104765
11104776
11106648
11106654
11106763
11110785
11112773
11113115
11113179
11114197
11115513
11118213
11118224
11119584
11120739
11124263
11126360
11127814
11129635
11130074
11130076
11133935
11133992
11133998
11134026
11134327
11134351
11135358
11135666
11135669
11136718
11136725
11136978
11137014
11137154
11146551
11146625
11146629
11147812
11148209
11149922
11149931
11149942
11150294
11152665
11154282
11155366
11157096
11157757
11157805
11157959
11157975
11158295
11158321
11158571
11158634
11160658
11160896
11161066
11162447
11163214
11163259
11163362
11163757
11163768
11163770
11163799
11168528
11171121
11171983
11172033
11173924
11175333
11175338
11178989
11181181
11181702
11182094
11183784
11188687
11201742
11201744
11205744
11208108
11208814
11211234
11211866
11214322
11222620
11222640
11222675
11222862
11223036
11224570
11226161
11226179
11226248
11226885
11229403
11230124
11230129
11231009
11231015
11231577
11235015
11237613
11237870
11238007
11238441
11238657
11238738
11238858
11238923
11238924
11238927
11238932
11238944
11238949
11239454
11240126
11242052
11242053
11242054
11248021
11248025
11248054
11250902
11250911
11251070
11251075
11252719
11255227
11257119
11257128
11257227
11257230
11257232
11259428
11259440
11259443
11259578
11260524
11260718
11260720
11264299
11266449
11266503
11274057
11274148
11274168
11274188
11274449
11275986
11277934
11278241
11278245
11278287
11278309
11278317
11278422
11278424
11278533
11278547
11278571
11278595
11278685
11278692
11278756
11278757
11278883
11278895
11278932
11278933
11278940
11278942
11278964
11279042
11279060
11279064
11279115
11279128
11279131
11279199
11281648
11283000
11283354
11284722
11285261
11285285
11287000
11287411
11287646
11287654
11287668
11292345
11297560
11298454
11298456
11301005
11301010
11301323
11309377
11311560
11313345
11313964
11319234
11320248
11323428
11323678
11323716
11328817
11331285
11331584
11331597
11340079
11342001
11342545
11343649
11350957
11352901
11352924
11353857
11356191
11356195
11356864
11358866
11358958
11359767
11359786
11359875
11359906
11368788
11371506
11371641
11373276
11373277
11373297
11375975
11375995
11376336
11377421
11382383
11382784
11384967
11384986
11387205
11387228
11387475
11387476
11389691
11389839
11389857
11389892
11389899
11389904
11389905
11390366
11390368
11390376
11390377
11390379
11390380
11390389
11390657
11390696
11390982
11395500
11401714
11401716
11408474
11408476
11410287
11418455
11418606
11420435
11422783
11423118
11423128
11423130
11427721
11428895
11429045
11432776
11432818
11432874
11433030
11438528
11438675
11438699
11438723
11440714
11445556
11445573
11447105
11447115
11447260
11447312
11448953
11457725
11459796
11459978
11459987
11461703
11462050
11463386
11463834
11464862
11466315
11470772
11470803
11470829
11477071
11477095
11477403
11481322
11481325
11483497
11483498
11483508
11483517
11483589
11483855
11483955
11485736
11487608
11489916
11493638
11493686
11495898
11495915
11498534
11498787
11500364
11500375
11500384
11500497
11502003
11502221
11504720
11509230
11509578
11509665
11509693
11511370
11513728
11513739
11514563
11517213
11517223
11517249
11518530
11522926
11526121
11526233
11527400
11533041
11533237
11533444
11533489
11533664
11533668
