15593128
15593129
15593144
15593145
15602768
15602770
15602771
15602772
15602773
15602774
15602775
15602776
15619293
15619294
15619295
15619296
15619297
15619298
15619299
15620682
15620683
15620684
15620685
15620686
15620687
15620688
15620690
15620691
15620692
15620693
15620694
15620695
15620696
15620697
15620698
15620699
15620701
15620702
15620703
15620704
15620705
15620706
15620707
15620708
15620709
15620710
15620711
15620712
15620713
15620715
15620716
15620718
15620719
15620720
15620721
15620722
15620723
15620724
15620725
15620726
15620727
15620728
15627953
15627954
15627955
15627956
15627957
15627958
15627959
15627960
15627961
15627962
15627963
15627964
15627965
15627966
15627967
15627968
15627970
15627971
15627972
15627974
15642335
15642336
15642337
15642338
15642339
15642340
15642341
15642342
15642343
15642344
15642345
15642346
15642348
15642349
15642350
15642351
15642352
15642354
15642355
15642357
15642359
15642360
15642361
15642362
15642363
15642364
15642365
15642366
15642367
15642368
15642369
15642370
15642371
15642372
15642373
15642374
15642375
15648048
15648049
15648051
15648052
15668992
15668994
15668995
15668996
15668997
15668998
15668999
15669000
15669001
15669002
15669003
15670810
15670811
15670812
15670813
15670814
15670816
15670818
15670819
15670820
15670821
15670822
15670824
15670825
15670826
15670827
15670828
15670830
15670831
15670832
15670833
15670834
15670835
15670836
15670837
15670838
15670839
15670840
15670841
15670842
15670843
15670844
15670846
15670847
15670848
15670849
15670851
15670852
15670853
15670854
15670855
15670856
15672452
15672453
15672454
15672456
15672457
15672459
15672460
15680962
15680963
15680964
15680965
15680966
15680967
15680968
15680969
15680970
15680971
15680972
15680973
15680974
15680975
15680976
15680977
15680978
15680979
15680980
15680981
15680982
15682460
15682461
15682462
15682464
15682465
15693058
15693060
15693061
15693062
15693063
15693064
15693065
15693066
15693067
15693068
15693069
15693071
15700241
15700242
15700243
15700244
15700245
15710376
15710377
15710378
15710379
15710380
15710381
15710383
15710385
15710386
15710387
15710389
15710390
15710391
15710392
15710393
15710394
15710395
15710396
15710397
15710398
15710399
15710400
15710401
15710402
15710403
15710404
15710405
15710406
15710407
15710409
15710410
15710411
15710412
15710413
15710414
15710415
15710416
15710418
15710419
15710420
15710421
15710422
15710423
15710425
15710426
15710427
15710428
15710429
15710430
15710431
15712233
15712234
15712235
15712236
15712237
15712238
15712239
15712240
15712241
15712242
15712243
15714440
15714464
15714471
15714472
15717325
15717326
15717327
15717328
15717330
15717331
15732133
15732134
15732135
15732136
15732137
15732138
15733836
15733837
15733838
15733839
15733841
15733842
15733843
15733844
15733845
15733846
15733847
15733848
15733849
15733850
15733852
15733853
15733854
15733855
15733856
15733857
15733858
15733860
15733861
15733862
15733863
15733865
15733866
15733867
15733868
15733870
15733872
15733873
15742316
15742319
15742320
15744833
15744834
15744835
15744836
15744838
15751003
15751005
15751120
15757642
15757645
15757647
15757648
15757649
15757650
15757651
15757652
15757653
15757654
15757655
15757656
15757657
15757658
15757659
15757660
15757662
15757664
15757665
15757666
15757667
15757668
15757669
15757670
15757672
15757673
15759310
15759313
15759314
15759315
15759316
15759317
15759318
15759322
15761952
15761953
15761955
15761956
15761957
15761958
15761959
15761960
15763550
15763551
15763552
15763553
15763554
15763555
15763556
15763557
15763558
15763559
15763560
15763561
15763562
15763563
15763564
15763565
15763566
15763567
15763568
15763569
15765494
15765495
15789341
15789342
15789343
15789344
15789345
15789346
15789347
15792793
15792794
15792795
15792796
15792797
15792798
15792800
15792803
15792804
15792805
15792806
15792807
15792808
15792809
15792810
15792811
15792812
15798990
15798993
15800872
15800873
15800874
15800968
15800970
15800971
15800972
15800973
15800974
15800975
15811312
15811313
15811314
15811315
15811316
15811317
15811318
15811320
15811321
15811322
15811323
15811324
15811325
15811327
15811328
15811329
15811330
15811331
15811332
15811333
15811334
15811335
15811336
15811337
15811339
15811340
15811341
15811342
15811344
15811345
15811346
15811347
15811348
15811350
15815986
15815987
15815998
15816003
15816004
15816005
15816006
15825147
15825148
15825149
15825150
15825151
15825152
15832363
15832364
15832365
15832366
15832367
15832368
15832369
15832370
15838902
15838903
15838904
15838905
15838907
15841495
15841497
15841498
15846837
15846839
15846840
15846841
15846842
15846843
15846844
15848154
15848155
15848156
15848157
15848158
15848159
15848160
15848161
15848162
15848163
15848164
15848165
15848167
15848168
15848171
15848172
15848173
15848174
15848175
15848176
15848178
15848179
15848180
15848181
15848182
15848183
15848185
15848186
15848187
15848188
15848189
15848190
15848191
15848192
15848193
15848194
15848195
15848197
15848198
15848199
15848200
15852300
15852339
15852340
15852341
15852342
15852343
15852344
15852345
15852346
15852347
15852348
15862287
15862288
15862289
15862290
15862291
15862292
15862293
15862294
15862295
15862296
15862298
15862301
15862302
15862303
15862304
15862305
15862306
15862307
15862308
15862309
15862310
15862311
15862312
15862313
15862314
15862315
15862316
15862317
15862319
15876430
15876431
15876433
15876434
15876435
15878164
15878551
15878552
15878553
15878554
15880631
15880767
15880779
15880780
15880790
15880791
15880804
15880814
15880825
15880826
15887179
15887180
15887181
15887182
15887183
15887184
15887185
15887186
15887187
15887189
15887190
15890341
15890342
15890344
15890345
15890346
15890347
15892162
15892163
15892164
15892167
15892168
15892173
15893312
15893314
15893315
15893316
15893317
15893754
15893755
15896778
15896779
15896781
15896784
15896785
15896787
15896788
15896789
15896790
15896791
15907326
15907327
15907478
15907479
15907480
15907481
15907482
15907483
15907484
15907485
15907486
15907487
15907488
15907489
15907840
15907841
15907842
15907843
15907844
15907845
15912508
15912509
15912510
15912511
15912512
15912556
15912557
15913611
15913612
15913613
15919077
15919078
15919080
15919081
15919083
15919084
15919085
15922328
15922329
15922330
15922331
15922332
15922333
15922334
15922335
15922336
15922338
15924290
15924291
15924292
15924293
15931664
15936020
15936021
15937965
15937995
15942958
15943964
15943965
15943966
15943967
15943968
15943969
15943970
15943971
15943972
15943973
15943974
15943975
15943976
15943977
15943978
15943979
15943980
15943981
15946665
15946666
15946667
15949801
15949803
15949804
15949805
15949806
15949807
15950223
15950972
15952229
15952230
15952231
15952232
15952233
15952234
15952235
15953603
15953604
15953605
15954156
15955530
15955531
15955532
15961078
15961079
15961080
15961081
15961082
15961083
15961084
15963504
15963505
15963506
15963507
15963508
15963509
15963511
15963512
15963986
15963987
15963988
15963989
15963990
15963991
15963992
15963993
15963994
15964569
15966007
15966008
15967440
15967441
15967442
15967443
15967444
15967445
15967446
15975579
15978576
15978578
15978579
15978580
15978581
15978583
15978584
15978585
15978587
15978588
15978589
15978590
15978592
15981298
15984042
15984043
15984044
15984045
15986330
15986331
15986332
15986333
15986334
15986335
15987636
15987639
15990094
15990095
15990096
15993881
15996007
15996008
15996009
15996010
15996011
15996012
15996659
15996660
15996661
15996662
15996663
15996664
16000198
16003825
16003826
16004986
16004987
16004988
16004989
16004990
16004991
16004992
16004993
16004994
16004995
16004996
16004998
16021604
16021605
16021606
16021607
16021608
16021609
16021693
16023102
16023103
16023104
16023105
16023106
16023107
16023108
16023109
16023110
16023111
16023112
16023113
16023114
16023115
16023116
16024017
16026785
16026786
16035111
16035112
16035113
16035114
16035115
16035116
16035117
16038017
16038018
16038019
16038020
16038021
16038022
16038902
16038903
16038904
16038905
16038906
16038907
16041669
16041670
16041671
16041672
16041673
16041674
16041675
16041676
16044512
16047307
16047308
16047309
16047310
16047398
16051219
16051220
16051221
16051223
16051224
16051225
16051227
16051228
16051229
16051230
16051231
16051232
16051234
16052617
16052618
16052619
16052620
16052621
16052622
16052623
16052624
16052625
16052626
16052627
16052628
16052629
16054139
16054140
16054141
16054142
16055119
16055120
16055121
16061223
16061224
16061225
16061226
16061228
16061229
16061231
16061232
16061233
16061234
16075417
16075418
16075419
16075423
16075424
16078185
16081067
16081068
16081069
16081070
16081071
16081072
16081073
16081074
16081075
16081076
16083876
16083877
16083878
16083879
16083880
16083882
16083883
16083884
16083885
16083886
16087177
16087178
16087179
16087180
16095595
16097030
16097031
16097032
16097033
16097034
16097035
16097038
16098510
16098511
16098512
16098513
16098515
16098517
16098518
16098519
16098520
16098521
16098522
16098523
16098524
16098525
16098526
16098527
16098528
16098970
16098971
16098972
16098973
16098974
16098975
16098976
16099456
16099457
16099458
16099459
16099460
16102752
16102753
16102754
16104056
16104057
16104058
16104060
16107250
16107251
16107252
16107253
16107254
16107255
16107256
16109412
16109413
16109414
16109415
16111679
16111680
16111681
16111682
16111683
16112670
16115623
16115624
16115625
16115626
16115627
16115629
16115630
16115631
16115632
16115633
16121334
16121335
16121336
16121337
16121338
16122737
16122738
16122739
16122740
16125177
16127724
16127725
16127727
16127728
16127729
16127730
16127731
16127732
16127733
16127734
16127735
16129434
16129435
16130168
16130169
16130170
16130171
16130172
16130173
16130174
16130175
16137680
16137681
16137682
16137683
16137685
16137686
16137688
16139270
16139271
16139272
16139273
16139274
16139275
16139276
16139277
16140297
16140298
16140299
16143331
16144699
16145708
16145709
16145710
16145711
16145712
16145713
16145714
16145715
16146629
16146630
16146631
16150445
16150446
16150447
16150448
16152655
16152656
16152657
16152658
16152659
16153642
16153643
16153644
16154131
16154568
16154569
16154570
16162337
16162338
16162339
16162340
16162341
16162342
16162343
16162344
16165129
16165130
16165131
16165132
16165133
16167365
16167370
16167371
16182288
16182289
16182290
16182292
16182293
16182294
16194532
16194533
16194534
16194535
16194536
16194537
16194538
16194539
16194540
16196087
16196088
16196089
16196090
16196091
16196092
16196093
16196094
16196095
16196096
16196097
16196098
16196099
16196100
16196102
16196103
16196104
16198344
16198345
16198346
16198348
16198349
16198350
16198351
16198353
16198354
16199038
16199039
16199041
16206326
16206327
16206328
16206329
16206330
16206331
16212957
16212958
16212959
16212960
16212961
16213486
16213487
16213488
16213489
16213490
16213491
16213492
16213493
16213494
16213495
16213496
16213497
16213498
16213499
16213500
16213501
16213502
16214133
16214134
16214135
16214136
16214137
16214138
16214139
16214140
16214141
16216245
16217726
16217729
16219306
16219307
16219308
16219309
16219310
16219311
16220529
16220530
16220531
16220532
16220533
16220534
16220535
16222717
16222718
16222719
16222720
16222721
16222722
16222723
16223485
16223486
16223487
16223488
16223490
16223491
16223493
16223494
16223496
16223497
16225864
16225865
16225866
16225867
16225868
16225869
16225870
16225872
16225873
16225874
16225875
16225876
16226253
16226254
16226255
16226256
16226258
16226259
16226260
16226261
16226262
16229836
16229837
16229838
16229839
16229840
16229841
16229842
16229843
16237733
16237734
16237735
16237736
16240287
16240288
16240289
16240290
16240291
16242127
16242128
16242129
16242131
16243313
16243314
16243316
16243317
16243318
16243319
16246331
16246333
16247729
16247730
16247731
16247732
16247733
16247734
16247735
16247833
16252304
16252305
16252306
16252307
16252308
16253238
16253239
16253240
16253241
16253242
16253243
16253244
16253245
16253246
16253247
16253248
16254924
16254927
16254928
16254929
16254930
16256111
16256113
16263113
16263114
16263115
16263116
16263118
16263119
16263122
16263123
16267812
16267813
16267814
16267815
16267816
16267817
16267819
16267820
16269280
16271718
16271719
16281177
16281178
16281179
16281180
16281181
16281182
16281183
16281184
16281185
16281186
16281187
16281188
16281258
16287159
16287165
16287166
16287167
16287168
16287169
16287170
16287171
16287172
16287173
16288742
16288743
16288744
16288745
16288746
16288747
16288749
16288750
16288751
16288752
16289057
16289058
16289059
16289094
16289095
16289096
16289098
16289099
16289478
16293248
16293249
16293250
16293252
16293253
16293254
16294302
16294303
16294304
16294305
16294307
16294308
16294309
16294311
16294312
16294313
16294314
16294315
16297384
16297385
16297386
16297387
16297388
16297916
16297917
16298365
16298366
16298367
16298368
16298369
16302274
16302275
16302276
16302277
16302278
16302279
16302280
16302281
16307741
16307742
16307743
16309678
16310775
16310776
16310777
16310778
16310780
16310781
16310782
16310783
16310784
16310785
16310787
16313905
16313906
16317770
16317771
16317772
16317773
16317774
16317775
16317776
16317777
16317778
16317779
16325181
16325182
16325184
16325813
16325814
16325815
16330029
16330030
16330031
16330032
16336970
16337196
16337197
16337198
16337202
16337203
16337204
16342137
16342138
16342140
16342143
16342144
16342236
16342237
16342238
16342239
16343486
16343487
16343489
16359665
16359666
16359667
16359668
16359669
16359670
16359672
16359673
16359675
16360153
16360154
16364303
16364306
16364308
16364309
16364310
16364311
16364313
16364314
16364315
16364316
16364317
16364319
16364320
16364322
16368093
16372257
16372258
16372259
16372260
16372261
16372262
16372263
16372264
16372265
16372266
16372267
16372268
16372269
16372270
16372271
16372272
16372273
16372274
16372275
16372276
16372277
16375896
16375897
16375899
16375900
16376334
16376335
16376336
16376337
16376339
16376340
16376341
16376342
16376343
16376344
16376876
16376877
16376878
16376879
16376881
16376882
16376883
16376885
16376886
16376887
16376888
16378605
16378606
16380119
16380120
16380121
16380122
16385473
16385474
16385475
16385476
16385477
16386246
16386247
16386248
16386249
16386250
16386251
16386736
16386737
16387300
16387301
16387302
16388804
16388805
16400680
16400681
16400682
16400683
16400684
16400685
16400686
16400687
16400688
16400689
16400690
16400691
16400694
16400695
16400714
16400715
16402355
16402356
16402357
16402358
16402360
16402361
16402362
16402363
16402364
16404716
16404717
16404718
16404721
16404722
16404723
16404724
16404725
16404726
16405963
16405964
16405966
16405967
16405968
16406363
16406364
16406365
16408314
16411266
16411267
16411268
16412422
16412423
16412424
16412425
16412427
16412428
16412429
16412430
16412431
16412432
16413473
16413475
16413476
16413477
16413478
16413479
16413480
16413481
16413483
16413484
16413485
16413486
16413487
16413488
16413490
16413491
16413492
16413606
16419013
16419015
16419016
16421932
16421933
16421934
16421935
16421936
16421937
16421938
16429455
16429456
16429457
16429458
16429459
16429460
16429461
16429462
16429463
16429464
16429465
16439192
16439193
16439194
16439195
16439196
16439197
16439198
16439199
16439200
16439201
16439202
16439203
16439204
16439206
16439207
16439209
16439212
16439213
16439214
16440370
16440371
16447153
16447154
16447155
16447156
16447157
16447158
16447159
16447160
16447161
16447162
16453347
16456880
16456881
16456882
16456883
16456884
16456885
16469686
16469687
16469690
16469691
16469692
16469693
16469694
16469695
16469696
16469697
16469701
16469702
16469703
16469706
16469707
16470630
16470631
16470640
16470651
16470652
16470653
16470654
16470655
16470657
16470658
16470659
16470660
16470663
16470664
16470785
16475229
16475230
16475231
16475232
16475233
16479534
16479535
16479536
16479537
16485256
16485257
16485258
16485259
16485260
16487579
16493702
16493703
16493704
16493705
16493706
16493707
16493708
16493709
16493710
16497574
16497575
16497576
16497577
16497578
16497579
16497580
16497581
16497582
16497583
16497584
16497585
16497586
16497587
16497588
16497589
16497590
16497591
16497592
16497593
16499958
16502466
16502467
16502468
16502469
16502470
16502471
16511809
16511810
16511811
16511812
16511813
16511814
16511815
16511816
16518868
16518869
16518870
16518871
16518872
16518873
16518875
16518876
16521149
16521150
16521151
16521152
16525995
16525996
16525997
16525999
16526000
16526082
16526083
16526084
16526085
16526092
16526093
16526095
16529801
16530031
16530032
16530033
16530034
16530035
16530036
16530037
16530038
16530039
16530043
16530045
16530046
16530047
16530048
16530049
16530050
16534742
16534743
16534744
16534745
16534746
16534747
16534748
16534749
16544276
16544277
16544278
16544279
16544280
16544281
16544282
16544283
16544284
16544285
16544286
16544287
16548056
16548057
16548058
16548059
16548060
16548061
16548062
16548064
16548065
16548066
16548068
16552782
16552784
16552785
16552787
16552788
16563999
16564000
16564001
16564002
16564003
16564004
16564005
16564006
16564007
16564008
16564011
16564012
16564013
16564015
16564016
16564017
16612794
16612795
16615881
16615882
16615883
16615884
16615885
16615886
16615887
16615888
16615889
16615891
16615892
16615893
16615894
16615895
16615896
16615897
16615898
16615899
16622829
16622833
16622835
16622838
16622839
16630805
16630806
16630807
16630808
16630809
16630810
16630811
16630812
16630813
16630814
16630815
16630816
16630817
16630818
16630819
16630822
16630823
16630824
16637005
16637006
16637010
16637011
16637012
16637013
16637015
16645983
16645984
16645985
16645986
